The game state is :
[-1, -1, 0, 0, 0, -1, -1]
[-1, -1, 0, 1, 0, -1, -1]
[0, 0, 1, 1, 1, 0, 0]
[0, 0, 0, 1, 0, 0, 0]
[0, 0, 0, 1, 0, 0, 0]
[-1, -1, 0, 0, 0, -1, -1]
[-1, -1, 0, 0, 0, -1, -1]
The game state is :
[-1, -1, 0, 0, 0, -1, -1]
[-1, -1, 0, 1, 0, -1, -1]
[0, 0, 1, 1, 1, 0, 0]
[0, 0, 0, 1, 0, 0, 0]
[0, 0, 0, 1, 0, 0, 0]
[-1, -1, 0, 0, 0, -1, -1]
[-1, -1, 0, 0, 0, -1, -1]
The game state is :
[-1, -1, 0, 0, 0, -1, -1]
[-1, -1, 0, 1, 0, -1, -1]
[0, 0, 1, 1, 1, 0, 0]
[0, 0, 0, 1, 0, 0, 0]
[0, 0, 0, 1, 0, 0, 0]
[-1, -1, 0, 0, 0, -1, -1]
[-1, -1, 0, 0, 0, -1, -1]
The game state is :
[-1, -1, 0, 0, 0, -1, -1]
[-1, -1, 0, 1, 0, -1, -1]
[0, 0, 1, 0, 0, 1, 0]
[0, 0, 0, 1, 0, 0, 0]
[0, 0, 0, 1, 0, 0, 0]
[-1, -1, 0, 0, 0, -1, -1]
[-1, -1, 0, 0, 0, -1, -1]
The game state is :
[-1, -1, 0, 0, 0, -1, -1]
[-1, -1, 0, 1, 0, -1, -1]
[0, 1, 0, 0, 1, 0, 0]
[0, 0, 0, 1, 0, 0, 0]
[0, 0, 0, 1, 0, 0, 0]
[-1, -1, 0, 0, 0, -1, -1]
[-1, -1, 0, 0, 0, -1, -1]
The game state is :
[-1, -1, 0, 1, 0, -1, -1]
[-1, -1, 0, 0, 0, -1, -1]
[0, 0, 1, 0, 1, 0, 0]
[0, 0, 0, 1, 0, 0, 0]
[0, 0, 0, 1, 0, 0, 0]
[-1, -1, 0, 0, 0, -1, -1]
[-1, -1, 0, 0, 0, -1, -1]
The game state is :
[-1, -1, 0, 0, 0, -1, -1]
[-1, -1, 0, 1, 0, -1, -1]
[0, 0, 1, 1, 1, 0, 0]
[0, 0, 0, 0, 0, 0, 0]
[0, 0, 0, 0, 0, 0, 0]
[-1, -1, 0, 1, 0, -1, -1]
[-1, -1, 0, 0, 0, -1, -1]
The game state is :
[-1, -1, 0, 0, 0, -1, -1]
[-1, -1, 0, 1, 0, -1, -1]
[0, 0, 1, 1, 1, 0, 0]
[0, 0, 0, 1, 0, 0, 0]
[0, 0, 0, 1, 0, 0, 0]
[-1, -1, 0, 0, 0, -1, -1]
[-1, -1, 0, 0, 0, -1, -1]
The game state is :
[-1, -1, 0, 0, 0, -1, -1]
[-1, -1, 0, 1, 0, -1, -1]
[0, 0, 1, 0, 0, 1, 0]
[0, 0, 0, 1, 0, 0, 0]
[0, 0, 0, 1, 0, 0, 0]
[-1, -1, 0, 0, 0, -1, -1]
[-1, -1, 0, 0, 0, -1, -1]
The game state is :
[-1, -1, 0, 0, 0, -1, -1]
[-1, -1, 0, 1, 0, -1, -1]
[0, 0, 1, 0, 0, 1, 0]
[0, 0, 0, 0, 0, 0, 0]
[0, 0, 0, 0, 0, 0, 0]
[-1, -1, 0, 1, 0, -1, -1]
[-1, -1, 0, 0, 0, -1, -1]
The game state is :
[-1, -1, 0, 0, 0, -1, -1]
[-1, -1, 0, 1, 0, -1, -1]
[0, 0, 1, 1, 0, 1, 0]
[0, 0, 0, 0, 0, 0, 0]
[0, 0, 0, 0, 0, 0, 0]
[-1, -1, 0, 0, 0, -1, -1]
[-1, -1, 0, 0, 0, -1, -1]
The game state is :
[-1, -1, 0, 0, 0, -1, -1]
[-1, -1, 0, 1, 0, -1, -1]
[0, 1, 0, 0, 1, 0, 0]
[0, 0, 0, 1, 0, 0, 0]
[0, 0, 0, 1, 0, 0, 0]
[-1, -1, 0, 0, 0, -1, -1]
[-1, -1, 0, 0, 0, -1, -1]
The game state is :
[-1, -1, 0, 0, 0, -1, -1]
[-1, -1, 0, 1, 0, -1, -1]
[0, 1, 0, 0, 1, 0, 0]
[0, 0, 0, 0, 0, 0, 0]
[0, 0, 0, 0, 0, 0, 0]
[-1, -1, 0, 1, 0, -1, -1]
[-1, -1, 0, 0, 0, -1, -1]
The game state is :
[-1, -1, 0, 0, 0, -1, -1]
[-1, -1, 0, 1, 0, -1, -1]
[0, 1, 0, 1, 1, 0, 0]
[0, 0, 0, 0, 0, 0, 0]
[0, 0, 0, 0, 0, 0, 0]
[-1, -1, 0, 0, 0, -1, -1]
[-1, -1, 0, 0, 0, -1, -1]
The game state is :
[-1, -1, 0, 1, 0, -1, -1]
[-1, -1, 0, 0, 0, -1, -1]
[0, 0, 1, 0, 1, 0, 0]
[0, 0, 0, 1, 0, 0, 0]
[0, 0, 0, 1, 0, 0, 0]
[-1, -1, 0, 0, 0, -1, -1]
[-1, -1, 0, 0, 0, -1, -1]
The game state is :
[-1, -1, 0, 1, 0, -1, -1]
[-1, -1, 0, 0, 0, -1, -1]
[0, 0, 1, 0, 1, 0, 0]
[0, 0, 0, 0, 0, 0, 0]
[0, 0, 0, 0, 0, 0, 0]
[-1, -1, 0, 1, 0, -1, -1]
[-1, -1, 0, 0, 0, -1, -1]
The game state is :
[-1, -1, 0, 1, 0, -1, -1]
[-1, -1, 0, 0, 0, -1, -1]
[0, 0, 1, 1, 1, 0, 0]
[0, 0, 0, 0, 0, 0, 0]
[0, 0, 0, 0, 0, 0, 0]
[-1, -1, 0, 0, 0, -1, -1]
[-1, -1, 0, 0, 0, -1, -1]
The game state is :
[-1, -1, 0, 0, 0, -1, -1]
[-1, -1, 0, 1, 0, -1, -1]
[0, 0, 1, 1, 1, 0, 0]
[0, 0, 0, 0, 0, 0, 0]
[0, 0, 0, 0, 0, 0, 0]
[-1, -1, 0, 1, 0, -1, -1]
[-1, -1, 0, 0, 0, -1, -1]
The game state is :
[-1, -1, 0, 0, 0, -1, -1]
[-1, -1, 0, 0, 0, -1, -1]
[0, 0, 1, 0, 1, 0, 0]
[0, 0, 0, 1, 0, 0, 0]
[0, 0, 0, 0, 0, 0, 0]
[-1, -1, 0, 1, 0, -1, -1]
[-1, -1, 0, 0, 0, -1, -1]
The game state is :
[-1, -1, 0, 0, 0, -1, -1]
[-1, -1, 0, 1, 0, -1, -1]
[0, 0, 1, 0, 0, 1, 0]
[0, 0, 0, 0, 0, 0, 0]
[0, 0, 0, 0, 0, 0, 0]
[-1, -1, 0, 1, 0, -1, -1]
[-1, -1, 0, 0, 0, -1, -1]
The game state is :
[-1, -1, 0, 0, 0, -1, -1]
[-1, -1, 0, 1, 0, -1, -1]
[0, 1, 0, 0, 1, 0, 0]
[0, 0, 0, 0, 0, 0, 0]
[0, 0, 0, 0, 0, 0, 0]
[-1, -1, 0, 1, 0, -1, -1]
[-1, -1, 0, 0, 0, -1, -1]
The game state is :
[-1, -1, 0, 1, 0, -1, -1]
[-1, -1, 0, 0, 0, -1, -1]
[0, 0, 1, 0, 1, 0, 0]
[0, 0, 0, 0, 0, 0, 0]
[0, 0, 0, 0, 0, 0, 0]
[-1, -1, 0, 1, 0, -1, -1]
[-1, -1, 0, 0, 0, -1, -1]
The game state is :
[-1, -1, 0, 0, 0, -1, -1]
[-1, -1, 0, 1, 0, -1, -1]
[0, 0, 1, 1, 1, 0, 0]
[0, 0, 0, 1, 0, 0, 0]
[0, 0, 0, 1, 0, 0, 0]
[-1, -1, 0, 0, 0, -1, -1]
[-1, -1, 0, 0, 0, -1, -1]
The game state is :
[-1, -1, 0, 0, 0, -1, -1]
[-1, -1, 0, 1, 0, -1, -1]
[0, 0, 1, 0, 0, 1, 0]
[0, 0, 0, 1, 0, 0, 0]
[0, 0, 0, 1, 0, 0, 0]
[-1, -1, 0, 0, 0, -1, -1]
[-1, -1, 0, 0, 0, -1, -1]
The game state is :
[-1, -1, 0, 0, 0, -1, -1]
[-1, -1, 0, 1, 0, -1, -1]
[0, 0, 1, 0, 0, 1, 0]
[0, 0, 0, 0, 0, 0, 0]
[0, 0, 0, 0, 0, 0, 0]
[-1, -1, 0, 1, 0, -1, -1]
[-1, -1, 0, 0, 0, -1, -1]
The game state is :
[-1, -1, 0, 0, 0, -1, -1]
[-1, -1, 0, 1, 0, -1, -1]
[0, 0, 1, 1, 0, 1, 0]
[0, 0, 0, 0, 0, 0, 0]
[0, 0, 0, 0, 0, 0, 0]
[-1, -1, 0, 0, 0, -1, -1]
[-1, -1, 0, 0, 0, -1, -1]
The game state is :
[-1, -1, 0, 0, 0, -1, -1]
[-1, -1, 0, 0, 0, -1, -1]
[0, 0, 1, 0, 0, 1, 0]
[0, 0, 0, 1, 0, 0, 0]
[0, 0, 0, 0, 0, 0, 0]
[-1, -1, 0, 0, 0, -1, -1]
[-1, -1, 0, 0, 0, -1, -1]
The game state is :
[-1, -1, 0, 0, 0, -1, -1]
[-1, -1, 0, 1, 0, -1, -1]
[0, 0, 0, 0, 1, 1, 0]
[0, 0, 0, 0, 0, 0, 0]
[0, 0, 0, 0, 0, 0, 0]
[-1, -1, 0, 0, 0, -1, -1]
[-1, -1, 0, 0, 0, -1, -1]
The game state is :
[-1, -1, 0, 0, 0, -1, -1]
[-1, -1, 0, 1, 0, -1, -1]
[0, 1, 0, 0, 0, 1, 0]
[0, 0, 0, 0, 0, 0, 0]
[0, 0, 0, 0, 0, 0, 0]
[-1, -1, 0, 0, 0, -1, -1]
[-1, -1, 0, 0, 0, -1, -1]
The game state is :
[-1, -1, 0, 1, 0, -1, -1]
[-1, -1, 0, 0, 0, -1, -1]
[0, 0, 1, 0, 0, 1, 0]
[0, 0, 0, 0, 0, 0, 0]
[0, 0, 0, 0, 0, 0, 0]
[-1, -1, 0, 0, 0, -1, -1]
[-1, -1, 0, 0, 0, -1, -1]
The game state is :
[-1, -1, 0, 0, 0, -1, -1]
[-1, -1, 0, 1, 0, -1, -1]
[0, 1, 0, 0, 1, 0, 0]
[0, 0, 0, 1, 0, 0, 0]
[0, 0, 0, 1, 0, 0, 0]
[-1, -1, 0, 0, 0, -1, -1]
[-1, -1, 0, 0, 0, -1, -1]
The game state is :
[-1, -1, 0, 0, 0, -1, -1]
[-1, -1, 0, 1, 0, -1, -1]
[0, 1, 0, 0, 1, 0, 0]
[0, 0, 0, 0, 0, 0, 0]
[0, 0, 0, 0, 0, 0, 0]
[-1, -1, 0, 1, 0, -1, -1]
[-1, -1, 0, 0, 0, -1, -1]
The game state is :
[-1, -1, 0, 0, 0, -1, -1]
[-1, -1, 0, 1, 0, -1, -1]
[0, 1, 0, 1, 1, 0, 0]
[0, 0, 0, 0, 0, 0, 0]
[0, 0, 0, 0, 0, 0, 0]
[-1, -1, 0, 0, 0, -1, -1]
[-1, -1, 0, 0, 0, -1, -1]
The game state is :
[-1, -1, 0, 0, 0, -1, -1]
[-1, -1, 0, 0, 0, -1, -1]
[0, 1, 0, 0, 1, 0, 0]
[0, 0, 0, 1, 0, 0, 0]
[0, 0, 0, 0, 0, 0, 0]
[-1, -1, 0, 0, 0, -1, -1]
[-1, -1, 0, 0, 0, -1, -1]
The game state is :
[-1, -1, 0, 0, 0, -1, -1]
[-1, -1, 0, 1, 0, -1, -1]
[0, 1, 0, 0, 0, 1, 0]
[0, 0, 0, 0, 0, 0, 0]
[0, 0, 0, 0, 0, 0, 0]
[-1, -1, 0, 0, 0, -1, -1]
[-1, -1, 0, 0, 0, -1, -1]
The game state is :
[-1, -1, 0, 1, 0, -1, -1]
[-1, -1, 0, 0, 0, -1, -1]
[0, 1, 0, 0, 1, 0, 0]
[0, 0, 0, 0, 0, 0, 0]
[0, 0, 0, 0, 0, 0, 0]
[-1, -1, 0, 0, 0, -1, -1]
[-1, -1, 0, 0, 0, -1, -1]
The game state is :
[-1, -1, 0, 0, 0, -1, -1]
[-1, -1, 0, 1, 0, -1, -1]
[0, 1, 1, 0, 0, 0, 0]
[0, 0, 0, 0, 0, 0, 0]
[0, 0, 0, 0, 0, 0, 0]
[-1, -1, 0, 0, 0, -1, -1]
[-1, -1, 0, 0, 0, -1, -1]
The game state is :
[-1, -1, 0, 1, 0, -1, -1]
[-1, -1, 0, 0, 0, -1, -1]
[0, 0, 1, 0, 1, 0, 0]
[0, 0, 0, 1, 0, 0, 0]
[0, 0, 0, 1, 0, 0, 0]
[-1, -1, 0, 0, 0, -1, -1]
[-1, -1, 0, 0, 0, -1, -1]
The game state is :
[-1, -1, 0, 1, 0, -1, -1]
[-1, -1, 0, 0, 0, -1, -1]
[0, 0, 1, 0, 1, 0, 0]
[0, 0, 0, 0, 0, 0, 0]
[0, 0, 0, 0, 0, 0, 0]
[-1, -1, 0, 1, 0, -1, -1]
[-1, -1, 0, 0, 0, -1, -1]
The game state is :
[-1, -1, 0, 1, 0, -1, -1]
[-1, -1, 0, 0, 0, -1, -1]
[0, 0, 1, 1, 1, 0, 0]
[0, 0, 0, 0, 0, 0, 0]
[0, 0, 0, 0, 0, 0, 0]
[-1, -1, 0, 0, 0, -1, -1]
[-1, -1, 0, 0, 0, -1, -1]
The game state is :
[-1, -1, 0, 1, 0, -1, -1]
[-1, -1, 0, 0, 0, -1, -1]
[0, 0, 1, 0, 0, 1, 0]
[0, 0, 0, 0, 0, 0, 0]
[0, 0, 0, 0, 0, 0, 0]
[-1, -1, 0, 0, 0, -1, -1]
[-1, -1, 0, 0, 0, -1, -1]
The game state is :
[-1, -1, 0, 1, 0, -1, -1]
[-1, -1, 0, 0, 0, -1, -1]
[0, 1, 0, 0, 1, 0, 0]
[0, 0, 0, 0, 0, 0, 0]
[0, 0, 0, 0, 0, 0, 0]
[-1, -1, 0, 0, 0, -1, -1]
[-1, -1, 0, 0, 0, -1, -1]
The game state is :
[-1, -1, 0, 0, 0, -1, -1]
[-1, -1, 0, 1, 0, -1, -1]
[0, 0, 1, 1, 1, 0, 0]
[0, 0, 0, 0, 0, 0, 0]
[0, 0, 0, 0, 0, 0, 0]
[-1, -1, 0, 1, 0, -1, -1]
[-1, -1, 0, 0, 0, -1, -1]
The game state is :
[-1, -1, 0, 0, 0, -1, -1]
[-1, -1, 0, 0, 0, -1, -1]
[0, 0, 1, 0, 1, 0, 0]
[0, 0, 0, 1, 0, 0, 0]
[0, 0, 0, 0, 0, 0, 0]
[-1, -1, 0, 1, 0, -1, -1]
[-1, -1, 0, 0, 0, -1, -1]
The game state is :
[-1, -1, 0, 0, 0, -1, -1]
[-1, -1, 0, 1, 0, -1, -1]
[0, 0, 1, 0, 0, 1, 0]
[0, 0, 0, 0, 0, 0, 0]
[0, 0, 0, 0, 0, 0, 0]
[-1, -1, 0, 1, 0, -1, -1]
[-1, -1, 0, 0, 0, -1, -1]
The game state is :
[-1, -1, 0, 0, 0, -1, -1]
[-1, -1, 0, 1, 0, -1, -1]
[0, 1, 0, 0, 1, 0, 0]
[0, 0, 0, 0, 0, 0, 0]
[0, 0, 0, 0, 0, 0, 0]
[-1, -1, 0, 1, 0, -1, -1]
[-1, -1, 0, 0, 0, -1, -1]
The game state is :
[-1, -1, 0, 1, 0, -1, -1]
[-1, -1, 0, 0, 0, -1, -1]
[0, 0, 1, 0, 1, 0, 0]
[0, 0, 0, 0, 0, 0, 0]
[0, 0, 0, 0, 0, 0, 0]
[-1, -1, 0, 1, 0, -1, -1]
[-1, -1, 0, 0, 0, -1, -1]
The game state is :
[-1, -1, 0, 0, 0, -1, -1]
[-1, -1, 0, 1, 0, -1, -1]
[0, 0, 1, 1, 1, 0, 0]
[0, 0, 0, 1, 0, 0, 0]
[0, 0, 0, 1, 0, 0, 0]
[-1, -1, 0, 0, 0, -1, -1]
[-1, -1, 0, 0, 0, -1, -1]
The game state is :
[-1, -1, 0, 0, 0, -1, -1]
[-1, -1, 0, 1, 0, -1, -1]
[0, 0, 1, 0, 0, 1, 0]
[0, 0, 0, 1, 0, 0, 0]
[0, 0, 0, 1, 0, 0, 0]
[-1, -1, 0, 0, 0, -1, -1]
[-1, -1, 0, 0, 0, -1, -1]
The game state is :
[-1, -1, 0, 0, 0, -1, -1]
[-1, -1, 0, 1, 0, -1, -1]
[0, 0, 1, 0, 0, 1, 0]
[0, 0, 0, 0, 0, 0, 0]
[0, 0, 0, 0, 0, 0, 0]
[-1, -1, 0, 1, 0, -1, -1]
[-1, -1, 0, 0, 0, -1, -1]
The game state is :
[-1, -1, 0, 0, 0, -1, -1]
[-1, -1, 0, 1, 0, -1, -1]
[0, 0, 1, 1, 0, 1, 0]
[0, 0, 0, 0, 0, 0, 0]
[0, 0, 0, 0, 0, 0, 0]
[-1, -1, 0, 0, 0, -1, -1]
[-1, -1, 0, 0, 0, -1, -1]
The game state is :
[-1, -1, 0, 0, 0, -1, -1]
[-1, -1, 0, 0, 0, -1, -1]
[0, 0, 1, 0, 0, 1, 0]
[0, 0, 0, 1, 0, 0, 0]
[0, 0, 0, 0, 0, 0, 0]
[-1, -1, 0, 0, 0, -1, -1]
[-1, -1, 0, 0, 0, -1, -1]
The game state is :
[-1, -1, 0, 0, 0, -1, -1]
[-1, -1, 0, 1, 0, -1, -1]
[0, 0, 0, 0, 1, 1, 0]
[0, 0, 0, 0, 0, 0, 0]
[0, 0, 0, 0, 0, 0, 0]
[-1, -1, 0, 0, 0, -1, -1]
[-1, -1, 0, 0, 0, -1, -1]
The game state is :
[-1, -1, 0, 0, 0, -1, -1]
[-1, -1, 0, 1, 0, -1, -1]
[0, 0, 0, 0, 0, 0, 1]
[0, 0, 0, 0, 0, 0, 0]
[0, 0, 0, 0, 0, 0, 0]
[-1, -1, 0, 0, 0, -1, -1]
[-1, -1, 0, 0, 0, -1, -1]
The game state is :
[-1, -1, 0, 0, 0, -1, -1]
[-1, -1, 0, 1, 0, -1, -1]
[0, 0, 0, 1, 0, 0, 0]
[0, 0, 0, 0, 0, 0, 0]
[0, 0, 0, 0, 0, 0, 0]
[-1, -1, 0, 0, 0, -1, -1]
[-1, -1, 0, 0, 0, -1, -1]
The game state is :
[-1, -1, 0, 0, 0, -1, -1]
[-1, -1, 0, 0, 0, -1, -1]
[0, 0, 0, 0, 0, 0, 0]
[0, 0, 0, 1, 0, 0, 0]
[0, 0, 0, 0, 0, 0, 0]
[-1, -1, 0, 0, 0, -1, -1]
[-1, -1, 0, 0, 0, -1, -1]
